0.856258 87
0.001078 38
0.000802 86
0.634554 1
0.404603 1
0.181387 1
0.114787 1
0.138312 1
0.131012 1
0.397307 1
0.156620 1
0.125957 1
0.128780 1
0.811270 26
0.003503 85
0.000973 38
0.000682 86
0.289475 1
0.128317 1
0.105364 1
0.324242 1
0.178804 1
0.171474 1
0.095065 1
0.959734 52
0.002382 87
0.000960 43
0.002020 96
1.275575 1
0.234888 1
0.222722 1
0.390813 1
0.260589 1
0.348395 1
0.446022 1
0.207972 1
0.153040 1
0.221607 1
0.216066 1
0.261259 1
0.193109 1
0.215870 1
0.133705 1
0.243203 1
0.336114 1
0.228040 1
0.288943 1
0.345884 1
0.153219 1
0.152943 1
0.181210 1
0.399537 1
0.365733 1
0.366490 1
0.327787 1
0.200176 1
0.339536 1
0.189942 1
0.247309 1
0.189204 1
0.130985 1
0.087096 1
0.289786 1
0.608696 1
0.125637 1
0.744540 26
0.002591 117
0.001078 43
0.000554 96
0.986437 1
0.141099 1
0.144474 1
0.151457 1
0.295998 1
0.728605 26
0.001478 9
0.000091 51
0.002245 85
0.001036 43
0.000663 96
0.644067 1
0.171085 1
0.272591 1
0.128670 1
0.135036 1
0.141373 1
0.154589 1
0.390157 1
0.280772 1
0.151936 1
0.917837 1
0.221560 1
0.243832 1
0.230999 7
0.867061 2
0.000013 9
0.000040 15
0.003585 100
0.001164 43
0.000761 96
0.368409 1
0.132040 1
0.154033 1
0.128458 1
0.289963 1
0.452363 26
0.001780 9
0.000039 67
0.002761 85
0.001218 43
0.000747 96
2.192646 1
0.079771 1
0.130321 1
0.192162 1
0.225709 1
0.136444 1
0.216177 6
0.956742 11
0.000074 15
0.004098 15
0.002904 92
0.001060 43
0.000798 96
0.942331 17
