0.662758 18
0.017778 58
0.002147 29
0.006337 8
0.000078 63
0.577050 1
0.214350 1
0.519596 2
0.000157 9
0.000112 25
0.002965 61
0.040350 15
0.040088 43
0.000027 22
0.040234 89
0.040149 99
0.040220 104
0.040207 79
0.000020 25
0.000017 4
0.040187 38
0.000025 21
0.000036 21
0.000015 16
0.000036 16
0.040206 105
0.040341 140
0.040142 49
0.000018 9
0.000012 49
0.000037 40
0.040189 137
0.040148 89
0.000014 55
0.000012 32
0.040178 139
0.040232 188
0.040185 121
0.000021 22
0.000012 4
0.040226 184
0.040303 185
0.040250 251
0.040185 195
0.040223 214
0.040154 206
0.040181 297
0.040352 233
0.040362 66
0.000013 56
0.000011 24
0.000098 66
0.000074 23
0.040244 197
0.040149 112
0.000014 9
0.000011 29
0.000010 12
0.000010 34
0.000036 20
0.000008 22
0.000009 69
0.000018 25
0.040225 133
0.000017 89
0.040232 257
0.040212 267
0.040189 115
0.000011 33
0.000019 37
0.000008 44
0.000008 18
0.000008 78
0.000020 29
0.040348 228
0.040222 152
0.000016 107
0.000010 40
0.000011 31
0.040218 232
0.040200 40
0.000388 32
0.000030 4
0.000011 20
0.000011 21
0.000010 13
0.000009 21
0.000020 34
0.000026 154
0.000010 4
0.040254 262
0.040166 49
0.000014 21
0.000010 29
0.000018 8
0.000011 42
0.000011 85
0.000010 34
0.040288 260
0.040207 121
0.000010 27
0.000019 41
0.000008 40
0.000017 43
0.000008 89
0.000008 30
0.000007 4
0.040474 71
0.000323 37
0.000081 175
0.040028 27
0.000023 26
0.000017 50
0.000014 7
0.000026 90
0.000011 48
0.000012 39
0.040242 281
0.000015 40
0.040229 119
0.000012 54
0.000019 21
0.000008 23
0.000015 45
0.000014 26
0.000008 9
0.000008 5
0.000015 29
0.000008 56
0.000015 98
0.000008 33
0.040265 165
0.000015 45
0.000013 31
0.000011 121
0.040214 29
0.000014 22
0.000010 33
0.000023 45
0.000029 73
0.000047 198
0.000014 4
0.040378 241
0.000016 131
0.000025 4
0.040269 129
0.000018 42
0.000011 21
0.000028 48
0.000011 48
0.000010 55
0.000009 4
0.040236 353
0.040268 380
0.040218 311
0.040413 440
0.000023 132
0.040180 111
0.000017 29
0.000010 38
0.000039 101
0.040256 251
0.040182 215
0.040172 51
0.000014 32
0.000081 112
0.000038 72
0.000010 37
0.000019 86
0.000017 45
0.040230 43
0.000037 162
0.000065 89
0.040174 34
0.000015 70
0.000012 29
0.000019 40
0.000011 43
0.000010 13
0.000021 90
0.000010 4
0.040442 335
0.000016 47
0.040296 151
0.000014 13
0.000010 32
0.000019 21
0.000009 17
0.000008 43
0.000017 61
0.000045 110
0.040211 346
0.040207 325
0.000011 4
0.040222 232
0.000022 82
0.000012 4
0.040233 89
0.000016 15
0.000011 17
0.000010 12
0.000096 31
0.000014 70
0.000050 200
0.040361 340
0.040207 163
0.000014 132
0.000026 51
0.040198 280
0.000015 76
0.040209 205
0.000060 248
0.040254 112
0.000019 60
0.000039 94
0.040384 311
0.040219 232
0.000020 79
0.040262 205
0.000019 65
0.000014 63
0.000012 67
0.000013 72
0.000012 14
0.040283 108
0.000019 57
0.000015 61
0.000037 142
0.040242 44
0.000014 41
0.000026 38
0.000010 25
0.000010 14
0.000011 60
0.000034 144
0.040304 125
0.000141 176
0.000028 23
0.040185 231
0.000024 70
0.000010 48
0.000048 126
0.040205 94
0.000011 9
0.000009 37
0.000020 42
0.000016 48
0.000009 66
0.000007 27
0.000014 4
0.040262 101
0.000012 37
0.000007 28
0.000019 62
0.000008 12
0.000007 54
0.000017 76
0.000007 20
0.040229 34
0.000013 69
0.000027 20
0.000011 45
0.000098 227
0.040224 198
0.000084 252
0.000016 71
0.040247 165
0.000013 61
0.000021 97
0.000030 23
0.040293 274
0.000010 54
0.000008 18
0.000018 32
0.000007 41
0.000016 4
0.040239 176
0.000018 40
0.000012 14
0.040368 175
0.000013 9
0.000011 18
0.000021 29
0.000029 23
0.040361 151
0.040151 39
0.000015 27
0.000010 9
0.000010 36
0.000032 29
0.040342 49
0.000013 18
0.000011 9
0.000010 21
0.000010 4
0.040216 94
0.000014 28
0.000028 35
0.000018 9
0.000076 62
0.000116 36
0.040110 140
0.040363 112
0.040325 139
0.040220 247
0.040217 49
0.000016 18
0.000017 9
0.000013 18
0.000012 4
0.040275 67
0.000017 40
0.000014 22
0.040234 128
0.040289 164
0.000018 44
0.000014 4
0.040388 120
0.040148 57
0.000014 31
0.000015 28
0.040230 99
0.040193 201
0.040296 116
0.040234 99
0.040252 108
0.040206 182
0.040231 91
0.040351 105
0.040177 111
0.040201 153
0.040366 96
0.040200 57
0.000016 29
0.000011 6
0.040228 91
0.040434 105
0.001092 44
0.039253 22
0.000011 9
0.000010 9
0.000011 9
0.000008 9
0.000022 19
0.000010 14
0.040220 109
0.040143 30
0.000014 9
0.000010 9
0.000010 18
0.000010 9
0.000021 13
0.040348 140
0.040633 88
0.040169 88
0.040203 88
0.040379 114
0.000017 22
0.040351 88
0.040224 48
0.000076 40
0.040049 30
0.000054 66
0.040192 139
0.040256 91
0.040349 90
0.040183 13
0.000010 10
0.000025 27
0.000021 18
0.000008 12
0.000007 14
0.000016 4
0.040231 129
0.040195 50
0.000014 18
0.000024 18
0.000011 4
0.040261 90
0.040287 90
0.040258 138
0.040269 88
0.040167 37
0.000036 49
0.040188 50
0.000016 22
0.040250 104
0.040348 89
0.040232 77
0.040329 85
0.040128 105
0.040354 27
0.000044 20
0.000083 27
0.000166 4
0.040039 37
0.000011 10
0.000007 9
0.000022 22
0.040160 37
0.000014 19
0.000010 22
0.040362 101
0.040309 80
0.040163 37
0.000015 28
0.000022 13
0.040233 77
0.040219 96
0.040144 77
0.040213 77
0.040288 77
0.040169 92
0.040214 77
0.040112 24
0.000017 20
0.000025 31
0.040393 24
0.000039 20
0.000033 9
0.000034 9
0.000078 17
0.040182 88
0.040174 72
0.040116 35
0.000013 45
0.040424 35
0.000033 26
0.000059 15
0.040261 75
0.040311 55
0.040129 44
0.040387 7
0.080377 50
0.000408 18
0.016408 49
0.002562 29
0.007087 8
0.000013 63
1.242618 17
